le us start!
Number of parameters: 110
<generator object Module.parameters at 0x7db904415cb0>
tensor([[-0.0822,  0.0359,  0.1578, -0.0105,  0.0989, -0.1542,  0.1211,  0.2195,
          0.2093,  0.1065],
        [ 0.2925,  0.0799,  0.0931, -0.0239,  0.1271, -0.0806, -0.1914,  0.1980,
          0.0569,  0.2909],
        [ 0.2778, -0.2098, -0.2519,  0.0922,  0.3146, -0.2670,  0.0794,  0.0707,
         -0.1944,  0.1203],
        [ 0.2219,  0.1429, -0.0826, -0.2541,  0.2977, -0.2539, -0.0560, -0.0334,
         -0.2756,  0.3159],
        [-0.1444,  0.2188,  0.2922, -0.2862,  0.2045,  0.0235, -0.2643, -0.0048,
         -0.0364, -0.2708],
        [ 0.1372, -0.0066, -0.0326, -0.2452,  0.1000, -0.2177,  0.2841, -0.2849,
         -0.1100, -0.0798],
        [ 0.0458, -0.2002,  0.0572,  0.1456,  0.0142, -0.0405,  0.0909, -0.0585,
         -0.2573,  0.0143],
        [-0.2571, -0.2679, -0.3122,  0.2701, -0.0158,  0.0170,  0.1146, -0.1303,
         -0.0547, -0.2662],
        [ 0.0920,  0.2851, -0.0079, -0.2851, -0.0421, -0.3032, -0.1180, -0.1551,
          0.1902, -0.1883],
        [-0.1876,  0.2847,  0.1536, -0.1459,  0.1968, -0.0410,  0.2457,  0.1760,
         -0.2084, -0.0723]])
tensor([-0.0234, -0.0868, -0.2401, -0.0833, -0.1828, -0.2207,  0.2464, -0.1902,
        -0.1275,  0.0147])


[Tensor(data:[0.43688697 0.86593878 0.38626751 0.75385527 0.14460351 0.25659141
 0.05076821 0.59096478 0.63193014 0.15152072],grad:0), Tensor(data:0.0,grad:0), Tensor(data:[0.50235647 0.48506343 0.06646107 0.96773639 0.03436338 0.44631059
 0.80781691 0.40439079 0.92091471 0.88350812],grad:0), Tensor(data:0.0,grad:0), Tensor(data:[0.15450241 0.41996049 0.06648459 0.65425567 0.28199812 0.85274438
 0.39870924 0.14659531 0.21257441 0.69265438],grad:0), Tensor(data:0.0,grad:0), Tensor(data:[0.21869545 0.02076223 0.8020773  0.47852404 0.47983678 0.47101533
 0.81141584 0.10166919 0.23004178 0.66053174],grad:0), Tensor(data:0.0,grad:0), Tensor(data:[0.96557606 0.00611321 0.08235144 0.56850198 0.56473036 0.59278924
 0.7798729  0.86973445 0.75323209 0.87544702],grad:0), Tensor(data:0.0,grad:0), Tensor(data:[0.0863865  0.9037763  0.5646026  0.3848979  0.84135549 0.87738499
 0.58527758 0.59481751 0.1191885  0.71434061],grad:0), Tensor(data:0.0,grad:0), Tensor(data:[0.99552441 0.95281582 0.28661878 0.37043462 0.21714743 0.81610539
 0.55511945 0.990855   0.24517858 0.77833244],grad:0), Tensor(data:0.0,grad:0), Tensor(data:[0.75564755 0.43068711 0.5080638  0.37949273 0.76744444 0.42788493
 0.0987352  0.76554807 0.73620819 0.25095156],grad:0), Tensor(data:0.0,grad:0), Tensor(data:[0.89248246 0.53262945 0.94141975 0.25022393 0.65968387 0.00830679
 0.44635302 0.76317031 0.82131743 0.55179551],grad:0), Tensor(data:0.0,grad:0), Tensor(data:[0.69298562 0.00531971 0.10543939 0.01909657 0.90631033 0.27126137
 0.04944949 0.91678799 0.94477341 0.30331646],grad:0), Tensor(data:0.0,grad:0)]